254 254 254 182  39   0   0  13 235 254 254 254 254 254 254 254
254 255 254 182  39   0   0  13 235 255 255 255 255 255 255 255
254 254 254 182  39   0   0  13 235 254 254 254 254 254 255 255
177 177 177 148  91  76  76  81 169 177 177 188 231 254 255 255
 35  35  35  86 190 219 219 209  47  35  35  65 188 254 255 255
  0   0   0  71 214 255 255 240  17   0   0  35 177 254 255 255
  0   0   0  71 214 255 255 240  17   0   0  35 177 254 255 255
  0   0   0  67 202 240 240 228  29  13  13  46 181 254 255 255
  0   0   0   4  14  17  17  29 219 235 235 238 248 254 255 255
  0   0   0   0   0   0   0  13 235 255 255 255 255 255 255 255
  0   0   0   0   0   0   0  13 235 255 255 255 255 255 255 255
  0   0   0   0   0   0   0  13 235 255 255 249 228 216 216 216
  0   0   0   0   0   0   0  13 235 255 255 229 127  73  73  73
  0   0   0   0   0   0   0  13 235 255 255 219  75   0   0   0
  0   0   0   0   0   0   0  13 235 255 255 219  75   0   0   0
  0   0   0   0   0   0   0  13 235 255 255 219  75   0   0   0
254 254 254 182  39   0   0  13 235 254 254 254 254 254 254 254
254 255 254 182  39   0   0  13 235 255 255 255 255 255 255 255
254 254 254 182  39   0   0  13 235 254 254 254 254 254 255 255
177 177 177 148  91  76  76  81 169 177 177 188 231 254 255 255
 35  35  35  86 190 219 219 209  47  35  35  65 188 254 255 255
  0   0   0  71 214 255 255 240  17   0   0  35 177 254 255 255
  0   0   0  71 214 255 255 240  17   0   0  35 177 254 255 255
  0   0   0  67 202 240 240 228  29  13  13  46 181 254 255 255
  0   0   0   4  14  17  17  29 219 235 235 238 248 254 255 255
  0   0   0   0   0   0   0  13 235 255 255 255 255 255 255 255
  0   0   0   0   0   0   0  13 235 255 255 255 255 255 255 255
  0   0   0   0   0   0   0  13 235 255 255 249 228 216 216 216
  0   0   0   0   0   0   0  13 235 255 255 229 127  73  73  73
  0   0   0   0   0   0   0  13 235 255 255 219  75   0   0   0
  0   0   0   0   0   0   0  13 235 255 255 219  75   0   0   0
  0   0   0   0   0   0   0  13 235 255 255 219  75   0   0   0
254 254 254 182  39   0   0  13 235 254 254 254 254 254 254 254
254 255 254 182  39   0   0  13 235 255 255 255 255 255 255 255
254 254 254 182  39   0   0  13 235 254 254 254 254 254 255 255
177 177 177 148  91  76  76  81 169 177 177 188 231 254 255 255
 35  35  35  86 190 219 219 209  47  35  35  65 188 254 255 255
  0   0   0  71 214 255 255 240  17   0   0  35 177 254 255 255
  0   0   0  71 214 255 255 240  17   0   0  35 177 254 255 255
  0   0   0  67 202 240 240 228  29  13  13  46 181 254 255 255
  0   0   0   4  14  17  17  29 219 235 235 238 248 254 255 255
  0   0   0   0   0   0   0  13 235 255 255 255 255 255 255 255
  0   0   0   0   0   0   0  13 235 255 255 255 255 255 255 255
  0   0   0   0   0   0   0  13 235 255 255 249 228 216 216 216
  0   0   0   0   0   0   0  13 235 255 255 229 127  73  73  73
  0   0   0   0   0   0   0  13 235 255 255 219  75   0   0   0
  0   0   0   0   0   0   0  13 235 255 255 219  75   0   0   0
  0   0   0   0   0   0   0  13 235 255 255 219  75   0   0   0

254 255 255 255 255 255 255 255 255 255 255 217  74   0   0   0
254 255 255 255 255 255 255 255 255 255 255 217  74   0   0   0
254 255 255 255 255 255 255 255 255 255 255 217  74   0   0   0
254 255 255 231 188 178 178 182 249 255 255 228 127  76  76  76
254 255 255 188  65  35  35  46 238 255 255 249 229 219 219 219
254 255 255 178  35   0   0  13 235 255 255 255 255 255 255 255
254 255 255 178  35   0   0  13 235 255 255 255 255 255 255 255
235 235 235 170  47  18  18  29 219 235 235 235 235 235 235 235
 13  13  13  81 209 241 241 229  29  13  13  13  13  13  13  13
  0   0   0  76 220 255 255 241  18   0   0   0   0   0   0   0
  0   0   0  76 220 255 255 241  18   0   0   0   0   0   0   0
 39  39  39  92 190 215 215 203  15   0   0   0   0   0   0   0
182 182 182 149  86  71  71  67   5   0   0   0   0   0   0   0
254 255 254 178  35   0   0   0   0   0   0   0   0   0   0   0
254 255 255 178  35   0   0   0   0   0   0   0   0   0   0   0
254 254 254 178  35   0   0   0   0   0   0   0   0   0   0   0
254 255 255 255 255 255 255 255 255 255 255 217  74   0   0   0
254 255 255 255 255 255 255 255 255 255 255 217  74   0   0   0
254 255 255 255 255 255 255 255 255 255 255 217  74   0   0   0
254 255 255 231 188 178 178 182 249 255 255 228 127  76  76  76
254 255 255 188  65  35  35  46 238 255 255 249 229 219 219 219
254 255 255 178  35   0   0  13 235 255 255 255 255 255 255 255
254 255 255 178  35   0   0  13 235 255 255 255 255 255 255 255
235 235 235 170  47  18  18  29 219 235 235 235 235 235 235 235
 13  13  13  81 209 241 241 229  29  13  13  13  13  13  13  13
  0   0   0  76 220 255 255 241  18   0   0   0   0   0   0   0
  0   0   0  76 220 255 255 241  18   0   0   0   0   0   0   0
 39  39  39  92 190 215 215 203  15   0   0   0   0   0   0   0
182 182 182 149  86  71  71  67   5   0   0   0   0   0   0   0
254 255 254 178  35   0   0   0   0   0   0   0   0   0   0   0
254 255 255 178  35   0   0   0   0   0   0   0   0   0   0   0
254 254 254 178  35   0   0   0   0   0   0   0   0   0   0   0
254 255 255 255 255 255 255 255 255 255 255 217  74   0   0   0
254 255 255 255 255 255 255 255 255 255 255 217  74   0   0   0
254 255 255 255 255 255 255 255 255 255 255 217  74   0   0   0
254 255 255 231 188 178 178 182 249 255 255 228 127  76  76  76
254 255 255 188  65  35  35  46 238 255 255 249 229 219 219 219
254 255 255 178  35   0   0  13 235 255 255 255 255 255 255 255
254 255 255 178  35   0   0  13 235 255 255 255 255 255 255 255
235 235 235 170  47  18  18  29 219 235 235 235 235 235 235 235
 13  13  13  81 209 241 241 229  29  13  13  13  13  13  13  13
  0   0   0  76 220 255 255 241  18   0   0   0   0   0   0   0
  0   0   0  76 220 255 255 241  18   0   0   0   0   0   0   0
 39  39  39  92 190 215 215 203  15   0   0   0   0   0   0   0
182 182 182 149  86  71  71  67   5   0   0   0   0   0   0   0
254 255 254 178  35   0   0   0   0   0   0   0   0   0   0   0
254 255 255 178  35   0   0   0   0   0   0   0   0   0   0   0
254 254 254 178  35   0   0   0   0   0   0   0   0   0   0   0

  0   0   0  76 219 255 255 235  13   0   0   0   0   0   0   0
  0   0   0  76 219 255 255 235  13   0   0   0   0   0   0   0
  0   0   0  76 219 255 255 235  13   0   0   0   0   0   0   0
 74  74  74 127 229 255 255 235  13   0   0   0   0   0   0   0
217 217 217 228 249 255 255 235  13   0   0   0   0   0   0   0
255 255 255 255 255 255 255 235  13   0   0   0   0   0   0   0
255 255 255 255 255 255 255 235  13   0   0   0   0   0   0   0
255 255 255 249 238 235 235 219  29  18  18  15   5   0   0   0
255 255 255 182  46  13  13  29 229 241 241 203  67   0   0   0
255 255 255 178  35   0   0  18 241 255 255 215  71   0   0   0
255 255 255 178  35   0   0  18 241 255 255 215  71   0   0   0
255 255 255 188  65  35  35  47 209 220 220 190  86  35  35  35
255 255 255 231 188 178 178 170  81  76  76  92 149 178 178 178
255 255 255 255 255 255 255 235  13   0   0  39 182 254 255 254
255 255 255 255 255 255 255 235  13   0   0  39 182 255 255 254
254 254 254 254 254 254 254 235  13   0   0  39 182 254 254 254
  0   0   0  76 219 255 255 235  13   0   0   0   0   0   0   0
  0   0   0  76 219 255 255 235  13   0   0   0   0   0   0   0
  0   0   0  76 219 255 255 235  13   0   0   0   0   0   0   0
 74  74  74 127 229 255 255 235  13   0   0   0   0   0   0   0
217 217 217 228 249 255 255 235  13   0   0   0   0   0   0   0
255 255 255 255 255 255 255 235  13   0   0   0   0   0   0   0
255 255 255 255 255 255 255 235  13   0   0   0   0   0   0   0
255 255 255 249 238 235 235 219  29  18  18  15   5   0   0   0
255 255 255 182  46  13  13  29 229 241 241 203  67   0   0   0
255 255 255 178  35   0   0  18 241 255 255 215  71   0   0   0
255 255 255 178  35   0   0  18 241 255 255 215  71   0   0   0
255 255 255 188  65  35  35  47 209 220 220 190  86  35  35  35
255 255 255 231 188 178 178 170  81  76  76  92 149 178 178 178
255 255 255 255 255 255 255 235  13   0   0  39 182 254 255 254
255 255 255 255 255 255 255 235  13   0   0  39 182 255 255 254
254 254 254 254 254 254 254 235  13   0   0  39 182 254 254 254
  0   0   0  76 219 255 255 235  13   0   0   0   0   0   0   0
  0   0   0  76 219 255 255 235  13   0   0   0   0   0   0   0
  0   0   0  76 219 255 255 235  13   0   0   0   0   0   0   0
 74  74  74 127 229 255 255 235  13   0   0   0   0   0   0   0
217 217 217 228 249 255 255 235  13   0   0   0   0   0   0   0
255 255 255 255 255 255 255 235  13   0   0   0   0   0   0   0
255 255 255 255 255 255 255 235  13   0   0   0   0   0   0   0
255 255 255 249 238 235 235 219  29  18  18  15   5   0   0   0
255 255 255 182  46  13  13  29 229 241 241 203  67   0   0   0
255 255 255 178  35   0   0  18 241 255 255 215  71   0   0   0
255 255 255 178  35   0   0  18 241 255 255 215  71   0   0   0
255 255 255 188  65  35  35  47 209 220 220 190  86  35  35  35
255 255 255 231 188 178 178 170  81  76  76  92 149 178 178 178
255 255 255 255 255 255 255 235  13   0   0  39 182 254 255 254
255 255 255 255 255 255 255 235  13   0   0  39 182 255 255 254
254 254 254 254 254 254 254 235  13   0   0  39 182 254 254 254

  0   0   0   0   0   0   0   0   0   0   0  35 178 254 254 254
  0   0   0   0   0   0   0   0   0   0   0  35 178 255 255 254
  0   0   0   0   0   0   0   0   0   0   0  35 178 254 255 254
  0   0   0   0   0   0   0   5  67  71  71  86 149 182 182 182
  0   0   0   0   0   0   0  15 203 215 215 190  92  39  39  39
  0   0   0   0   0   0   0  18 241 255 255 220  76   0   0   0
  0   0   0   0   0   0   0  18 241 255 255 220  76   0   0   0
 13  13  13  13  13  13  13  29 229 241 241 209  81  13  13  13
235 235 235 235 235 235 235 219  29  18  18  47 170 235 235 235
255 255 255 255 255 255 255 235  13   0   0  35 178 255 255 254
255 255 255 255 255 255 255 235  13   0   0  35 178 255 255 254
219 219 219 229 249 255 255 238  46  35  35  65 188 255 255 254
 76  76  76 127 228 255 255 249 182 178 178 188 231 255 255 254
  0   0   0  74 217 255 255 255 255 255 255 255 255 255 255 254
  0   0   0  74 217 255 255 255 255 255 255 255 255 255 255 254
  0   0   0  74 217 255 255 255 255 255 255 255 255 255 255 254
  0   0   0   0   0   0   0   0   0   0   0  35 178 254 254 254
  0   0   0   0   0   0   0   0   0   0   0  35 178 255 255 254
  0   0   0   0   0   0   0   0   0   0   0  35 178 254 255 254
  0   0   0   0   0   0   0   5  67  71  71  86 149 182 182 182
  0   0   0   0   0   0   0  15 203 215 215 190  92  39  39  39
  0   0   0   0   0   0   0  18 241 255 255 220  76   0   0   0
  0   0   0   0   0   0   0  18 241 255 255 220  76   0   0   0
 13  13  13  13  13  13  13  29 229 241 241 209  81  13  13  13
235 235 235 235 235 235 235 219  29  18  18  47 170 235 235 235
255 255 255 255 255 255 255 235  13   0   0  35 178 255 255 254
255 255 255 255 255 255 255 235  13   0   0  35 178 255 255 254
219 219 219 229 249 255 255 238  46  35  35  65 188 255 255 254
 76  76  76 127 228 255 255 249 182 178 178 188 231 255 255 254
  0   0   0  74 217 255 255 255 255 255 255 255 255 255 255 254
  0   0   0  74 217 255 255 255 255 255 255 255 255 255 255 254
  0   0   0  74 217 255 255 255 255 255 255 255 255 255 255 254
  0   0   0   0   0   0   0   0   0   0   0  35 178 254 254 254
  0   0   0   0   0   0   0   0   0   0   0  35 178 255 255 254
  0   0   0   0   0   0   0   0   0   0   0  35 178 254 255 254
  0   0   0   0   0   0   0   5  67  71  71  86 149 182 182 182
  0   0   0   0   0   0   0  15 203 215 215 190  92  39  39  39
  0   0   0   0   0   0   0  18 241 255 255 220  76   0   0   0
  0   0   0   0   0   0   0  18 241 255 255 220  76   0   0   0
 13  13  13  13  13  13  13  29 229 241 241 209  81  13  13  13
235 235 235 235 235 235 235 219  29  18  18  47 170 235 235 235
255 255 255 255 255 255 255 235  13   0   0  35 178 255 255 254
255 255 255 255 255 255 255 235  13   0   0  35 178 255 255 254
219 219 219 229 249 255 255 238  46  35  35  65 188 255 255 254
 76  76  76 127 228 255 255 249 182 178 178 188 231 255 255 254
  0   0   0  74 217 255 255 255 255 255 255 255 255 255 255 254
  0   0   0  74 217 255 255 255 255 255 255 255 255 255 255 254
  0   0   0  74 217 255 255 255 255 255 255 255 255 255 255 254
